# This file may be used to create an environment using:
# $ conda create --name <env> --file <this file>
# platform: win-64
argparse=1.4.0=pypi_0
bzip2=1.0.8=h2466b09_7
ca-certificates=2024.7.4=h56e8100_0
contourpy=1.2.1=pypi_0
cycler=0.12.1=pypi_0
fonttools=4.53.1=pypi_0
kiwisolver=1.4.5=pypi_0
libffi=3.4.2=h8ffe710_5
libsqlite=3.46.0=h2466b09_0
libzlib=1.3.1=h2466b09_1
matplotlib=3.9.2=pypi_0
numpy=2.0.1=pypi_0
openssl=3.3.1=h2466b09_2
packaging=24.1=pypi_0
pillow=10.4.0=pypi_0
pip=24.2=pyhd8ed1ab_0
pyparsing=3.1.2=pypi_0
python=3.10.14=h4de0772_0_cpython
python-dateutil=2.9.0.post0=pypi_0
setuptools=72.1.0=pyhd8ed1ab_0
six=1.16.0=pypi_0
tk=8.6.13=h5226925_1
tzdata=2024a=h0c530f3_0
ucrt=10.0.22621.0=h57928b3_0
vc=14.3=h8a93ad2_20
vc14_runtime=14.40.33810=ha82c5b3_20
vs2015_runtime=14.40.33810=h3bf8584_20
wheel=0.44.0=pyhd8ed1ab_0
xz=5.2.6=h8d14728_0